1000
64 88 26
54 7 5
28 13 37
94 29 22
95 33 26
54 84 33
8 87 8
53 46 81
49 2 81
17 2 33
14 30 25
63 43 23
62 18 5
95 23 15
28 1 34
42 13 34
15 19 12
92 10 71
89 48 41
18 69 54
24 84 57
4 38 5
84 69 3
70 15 34
41 31 52
60 100 78
84 93 54
34 72 48
76 82 99
17 69 21
48 38 28
98 41 60
45 70 62
55 77 36
31 9 89
15 40 98
34 59 57
5 42 25
59 96 91
37 24 17
0 89 69
13 98 74
31 20 6
64 81 11
90 37 82
55 48 15
8 61 41
8 20 80
100 47 93
72 69 8
74 13 7
6 90 18
63 18 95
16 53 10
23 60 91
90 98 72
22 95 30
0 30 70
8 13 21
97 87 65
28 37 95
88 5 55
1 87 21
47 85 3
31 40 41
100 97 2
84 30 23
24 1 68
97 10 17
34 26 6
14 63 94
31 46 91
59 82 94
57 61 15
32 71 93
23 65 87
57 98 14
81 4 75
21 60 67
42 93 80
37 77 96
57 27 68
82 77 39
31 47 82
95 44 79
62 44 84
76 78 55
31 57 62
6 45 79
97 44 60
4 64 60
86 33 83
28 88 81
90 47 68
6 57 10
16 10 4
98 22 42
62 67 78
25 40 82
55 65 61
99 62 71
80 33 25
70 70 72
57 48 78
68 47 78
62 59 95
20 46 39
36 86 34
87 47 83
2 20 12
49 60 88
13 46 10
53 97 9
9 3 8
16 54 82
67 83 21
86 14 22
100 31 47
100 37 76
3 96 47
48 100 7
61 88 67
11 32 65
95 24 55
71 75 25
51 65 58
12 24 3
68 13 87
92 7 98
46 60 87
15 90 92
69 74 98
83 45 78
98 42 24
64 25 83
61 58 61
86 22 44
13 47 81
86 75 33
20 98 70
76 70 22
39 43 22
30 41 28
90 69 64
44 31 91
58 99 46
1 55 20
100 89 79
77 41 62
37 43 86
3 22 39
82 70 56
29 21 13
25 68 86
90 70 34
47 12 95
32 46 61
6 36 66
25 25 97
17 24 45
35 45 55
42 63 85
3 75 98
54 84 77
82 32 14
4 11 83
56 6 32
32 68 96
93 26 48
41 12 92
23 7 39
23 3 100
7 29 92
33 55 85
61 11 61
91 88 3
8 3 76
53 3 4
17 78 67
47 74 14
75 97 39
29 94 95
77 65 16
14 72 37
63 38 11
41 85 37
32 77 66
46 13 17
81 45 30
48 16 37
55 32 37
85 70 9
99 26 64
28 100 1
67 19 16
22 34 52
22 84 76
46 74 16
50 20 90
37 62 67
84 90 1
34 98 65
1 94 5
38 55 3
45 24 7
24 57 9
44 5 97
73 81 29
38 91 22
9 70 2
5 47 66
87 57 12
76 41 73
70 59 36
74 24 4
35 87 31
99 10 38
41 9 44
93 21 57
18 56 55
56 65 95
29 42 62
64 85 30
87 21 91
13 99 9
100 23 20
70 100 38
43 54 4
91 22 82
38 6 39
92 80 87
90 93 62
32 98 7
41 32 82
16 58 27
52 68 7
80 46 30
67 45 63
93 24 72
96 46 59
72 82 11
19 95 1
77 97 48
24 26 19
55 82 52
0 92 67
28 9 52
10 87 38
30 17 52
73 100 14
48 69 67
88 98 52
13 78 5
28 53 36
60 68 69
13 62 100
39 81 80
61 30 32
10 34 81
10 72 100
65 69 32
41 87 80
33 34 86
65 19 26
49 73 97
85 68 41
32 60 75
95 20 58
33 20 79
70 67 75
46 18 82
68 94 26
12 83 57
59 43 87
34 92 69
57 41 42
17 6 40
93 6 84
91 24 30
0 54 4
90 48 65
2 94 46
14 89 2
17 31 57
74 9 58
10 22 55
42 67 86
0 42 24
23 70 19
38 86 11
55 93 15
34 64 3
44 71 96
12 72 15
1 97 39
66 90 100
77 91 2
2 76 15
85 2 99
100 1 1
75 36 52
39 12 84
97 24 78
29 16 45
4 8 40
12 98 95
52 22 97
25 43 87
48 62 3
34 21 80
21 80 63
79 8 72
75 37 68
88 45 37
2 96 76
10 19 4
45 62 57
67 48 15
75 18 61
87 63 13
27 61 19
17 75 28
75 12 4
19 25 7
91 74 34
49 42 78
81 69 83
83 15 78
7 33 36
69 77 100
75 69 6
84 26 67
95 11 94
85 73 70
47 66 45
33 56 65
36 54 38
92 100 81
16 86 48
61 89 91
40 29 7
27 69 53
42 73 40
43 30 26
87 40 57
12 85 59
4 90 64
44 52 32
51 76 26
18 75 8
62 46 8
80 74 70
51 7 31
46 13 67
84 58 8
38 73 58
5 19 45
75 76 37
77 89 75
36 41 40
12 55 55
56 48 75
20 73 83
60 87 90
58 36 22
49 34 10
6 68 91
85 13 84
23 21 97
15 70 53
86 25 64
5 77 3
30 9 85
65 77 35
0 33 60
75 33 74
40 67 34
30 57 67
5 95 26
19 78 93
42 25 39
14 84 31
16 43 68
85 7 21
16 12 2
85 16 71
47 8 15
23 17 75
92 55 47
73 4 82
84 79 64
47 27 8
28 12 87
34 85 73
13 68 39
57 26 71
6 53 79
75 2 67
71 87 7
28 89 30
17 42 4
33 6 28
26 92 27
37 2 41
73 41 26
97 16 13
17 46 54
66 30 100
18 13 17
59 98 12
82 98 10
79 74 13
14 58 26
31 86 25
34 78 66
49 97 30
26 91 40
45 39 5
54 86 32
91 59 33
50 58 100
43 9 84
14 46 40
73 44 1
99 8 47
98 85 38
97 18 34
41 85 26
7 79 5
89 74 71
100 18 7
79 6 30
41 35 64
87 37 94
20 41 6
74 83 52
17 63 22
24 100 35
19 57 99
17 73 94
5 5 86
17 17 24
62 48 83
13 45 52
5 92 68
51 61 55
11 45 47
19 80 12
91 77 63
52 36 12
22 89 58
56 43 8
60 24 94
48 77 79
100 63 3
0 57 27
7 68 97
75 68 11
55 55 17
83 88 33
40 29 19
88 76 98
24 64 84
63 90 6
14 59 83
31 9 91
19 77 96
61 63 52
34 27 91
55 2 71
55 36 81
16 35 59
49 78 52
97 96 54
17 43 82
13 55 55
42 65 78
75 93 5
39 62 18
87 12 14
1 22 6
13 62 69
54 53 91
59 60 85
41 48 10
75 53 41
19 87 86
52 27 3
78 56 13
18 18 95
80 5 56
14 36 81
5 100 52
67 77 35
39 5 87
58 63 62
60 57 42
79 26 26
7 62 58
83 98 82
10 32 14
34 68 35
98 83 39
18 95 60
96 28 17
76 21 60
18 57 73
11 30 40
0 65 91
12 8 16
76 5 76
67 68 52
93 85 66
50 65 61
28 44 77
99 58 92
3 19 75
11 69 57
20 60 5
80 70 89
44 95 98
53 22 1
16 20 13
21 89 97
55 94 1
42 33 100
91 35 47
61 12 61
42 12 84
81 30 41
37 59 59
6 74 32
85 96 27
74 86 67
31 9 97
30 94 18
1 69 27
99 95 91
69 3 81
11 78 3
92 38 94
85 71 33
66 17 16
38 10 22
57 53 73
51 16 83
82 94 57
85 55 91
73 81 87
61 53 3
14 33 90
16 58 42
53 66 72
50 82 26
75 31 59
85 33 65
35 72 76
6 23 99
17 32 44
31 32 20
82 56 91
51 34 61
14 12 58
93 37 34
70 42 40
9 76 39
64 96 55
89 99 82
78 22 46
54 83 44
41 26 27
72 45 65
14 19 22
97 69 86
15 12 1
69 18 21
76 87 22
23 34 79
33 17 14
56 35 42
66 22 24
3 38 18
52 33 14
99 99 99
54 72 3
64 82 82
46 60 37
45 3 87
52 79 95
6 56 93
20 18 1
13 66 1
82 89 7
30 86 56
93 8 68
48 100 27
22 28 37
45 38 11
96 67 6
57 66 7
48 39 20
33 70 76
48 46 58
52 96 17
5 21 40
82 28 71
12 33 57
13 94 70
44 62 13
84 95 42
22 14 70
35 68 35
2 9 3
100 64 45
98 87 25
94 41 86
6 12 13
67 60 11
16 15 64
19 71 93
34 44 91
34 78 21
50 66 61
12 100 82
66 19 66
15 81 30
75 9 23
62 17 79
28 95 81
60 29 94
97 48 53
64 20 30
61 6 25
51 72 5
71 28 11
74 32 16
51 82 15
24 66 29
77 83 58
39 5 38
47 52 75
70 87 37
31 30 58
24 24 77
24 60 67
84 18 41
36 42 44
79 91 11
88 98 54
100 68 14
3 83 27
54 8 62
41 97 68
21 94 36
39 42 75
27 63 72
54 98 4
27 23 13
4 42 74
2 32 95
7 21 17
47 92 81
18 22 25
71 83 38
8 64 34
69 91 72
79 88 11
34 72 75
93 28 75
79 70 92
7 84 22
75 91 13
3 98 22
81 53 85
83 27 46
25 93 2
78 71 68
12 3 26
82 86 16
10 37 85
35 81 8
4 57 29
80 80 99
46 69 58
22 97 31
76 7 28
1 95 53
77 89 85
30 74 67
99 8 69
75 40 70
93 92 92
35 16 42
67 3 26
66 43 12
86 7 52
19 13 36
74 35 91
63 93 100
91 86 25
30 29 57
44 27 57
42 62 90
10 38 38
23 35 44
25 74 22
74 86 76
69 44 38
58 18 38
56 57 34
86 15 32
13 42 34
81 13 32
52 44 12
73 5 80
84 38 75
4 62 87
89 11 13
63 74 95
95 62 96
68 63 40
26 20 90
56 82 23
82 42 37
94 11 37
68 45 5
91 86 32
84 40 70
37 33 85
98 80 87
95 22 15
79 29 41
33 61 4
94 30 67
81 3 94
36 98 27
22 42 25
39 39 55
62 46 1
5 98 52
83 25 47
18 28 91
0 39 48
70 25 2
61 38 36
24 57 38
87 20 40
60 2 68
58 27 76
27 6 1
94 7 87
8 78 93
54 93 10
97 7 12
56 30 6
90 14 81
9 77 77
22 61 99
55 80 45
19 90 69
36 93 63
6 90 7
50 45 96
18 66 28
2 64 93
34 44 71
53 80 34
10 86 69
20 39 43
74 29 63
97 37 34
88 58 41
100 89 76
35 62 33
64 16 62
11 45 87
7 78 53
66 20 11
51 16 84
74 77 38
66 96 69
63 42 23
44 4 23
93 73 87
13 15 91
76 27 10
54 13 86
1 7 59
97 82 93
64 15 25
41 20 71
52 68 11
13 9 61
30 25 5
62 57 13
48 55 54
52 39 2
27 86 68
100 39 9
50 95 41
19 32 19
19 8 1
87 37 36
77 75 10
37 87 64
85 93 63
78 12 26
71 59 9
16 88 96
95 59 36
46 65 73
37 26 33
78 13 34
99 70 27
0 27 62
25 69 7
76 9 32
5 77 17
34 29 37
9 72 95
10 5 43
82 19 81
46 4 73
35 57 4
31 43 35
83 53 23
93 62 88
74 73 98
4 1 83
10 67 92
42 4 54
71 86 34
91 54 60
36 60 91
100 66 13
71 75 75
46 25 23
0 44 99
100 28 10
60 81 24
1 87 71
52 69 42
93 5 46
97 44 64
25 65 34
24 98 37
100 98 41
8 2 87
67 89 59
45 58 69
19 61 77
11 10 80
26 26 94
0 20 21
47 68 48
33 60 68
85 73 67
79 100 64
8 67 44
71 35 27
100 90 10
7 13 96
25 63 58
89 84 47
51 46 69
54 47 14
100 35 40
10 33 56
63 47 47
18 82 44
65 77 89
33 39 73
57 59 38
35 8 16
17 55 29
67 94 53
40 76 92
57 87 8
41 5 75
7 56 41
53 28 74
100 74 54
19 59 93
51 32 31
45 24 72
68 88 5
23 58 58
52 72 19
87 28 17
0 32 79
16 97 9
49 48 55
56 87 92
28 81 52
1 52 5
94 54 91
91 83 54
45 39 23
52 29 5
73 9 85
84 53 47
40 58 61
82 65 54
67 10 77
15 73 20
86 54 55
86 82 81
63 53 74
89 48 39
82 93 96
78 92 39
7 55 65
97 10 91
21 66 14
96 80 66
38 100 15
37 29 63
70 44 46
99 97 98
42 35 78
79 40 83
1 73 59
43 81 99
23 24 41
34 66 96
82 20 52
84 5 4
2 47 93
2 86 38
7 84 93
73 94 45
45 58 33
72 84 72
11 83 30
77 31 9
69 11 77
38 96 19
28 62 38
100 76 79
38 92 85
57 10 21
90 16 86
53 6 61
100 45 18
17 79 13
75 30 25
100 33 89
54 12 86
30 65 81
84 63 8
48 52 2
55 37 9
9 67 78
98 69 74
73 29 39
73 35 23
70 35 40
58 12 24
31 83 25
25 17 18
67 14 93
34 99 40
58 58 81
10 33 21
49 35 2
8 31 78
100 55 38
29 71 99
8 100 13
15 81 62
36 98 30
0 55 55
33 36 11
63 73 6
77 23 24
34 38 11
75 23 60
85 85 34
98 28 93
72 83 63
50 22 39
9 78 90
77 61 9
22 54 16
10 55 4
69 62 92
58 90 100
70 16 5
7 38 80
16 39 79
50 78 61
21 26 87
21 63 84
57 28 81
35 43 32
82 97 70
3 82 67
52 79 8
93 54 6
98 31 67
